   学号     姓名      专业     C语言  计算物理学   大学物理  原子物理   光学
20061003216 李鹏      测控2      74        81        66        66        99
20081001102 关迪      物理       85        78        82        55        65
20081001103 刘张世安  物理       69        69        90        75        84
20081001104 佟璐      物理       92        86        75        71        92
20081001105 腾云      物理       88        75        86        53        93
20081001106 王目昱    物理       74        81        66        66        99
20081001110 戴桐      物理       83        53        85        61        93
20081001111 秦艳飞    物理       81       100        64        61        86
20081001113 孙健      物理       90        71        77        90        90
20081001114 吴昊      物理       75        70        95        94        60
20081001115 皮培      物理       71        64        80        52        74
20081001116 王小保    物理       78        62        78        65        85
20081001117 王佳文    物理       81       100        64        61        86
20081001118 袁芳标    物理      100        76        96        66        51
20081001120 陈云斌    物理       86        82        51        94        75
20081001121 丁文      物理       74        81        66        66        99
20081001124 张徐超文  物理       91        93        72        53        62
20081001125 谢辉      物理       79        70        76        89        56
20081001126 杜新华    物理       88        75        86        53        93
20081001127 谢望      物理       74        81        66        66        99
20081001128 纪望      物理       84        82        81        53        93
20081001129 占丽伟    物理       90        71        77        90        90
20081001130 雷琦晖    物理       92        86        75        71        92
20081001131 雷艳      物理       94        73        84        99        78
20081001132 张丹      物理       99        64        81        56        67
20081003101 杨凯      测控1      78        62        78        65        85
20081003102 杜志煌    测控1      80        61        92        55        99
20081003103 郭靖东    测控1      86        82        51        94        75
20081003104 徐昊春    测控1      76        60        74        70        72
20081003105 姜玉明    测控1      83        53        85        61        93
20081003106 潘宏赫    测控1      81       100        64        61        86
20081003107 王长龙    测控1      85        78        82        55        65
20081003108 曲小亮    测控1      80        61        92        55        99
20081003109 李传龙    测控1      99        64        81        56        67
20081003110 林忠敏    测控1      71        64        80        52        74
20081003111 杨亮      测控1      84        82        81        53        93
20081003112 刘禹锡    测控1      84        82        81        53        93
20081003113 殷大为    测控1      81       100        64        61        86
20081003114 王懋红    测控1      81       100        64        61        86
20081003115 张德龙    测控1      92        86        75        71        92
20081003116 顾百成    测控1      80        61        92        55        99
20081003117 黄煜      测控1      99        64        81        56        67
20081003118 高航      测控1      75        70        95        94        60
20081003119 白天      测控1      74        81        66        66        99
20081003120 刘洋      测控1      69        69        90        75        84
20081003121 王伟      测控1      60        78        72        71        76
20081003122 柴连启    测控1      73        75        77       100        73
20081003123 林迎接    测控1      83        53        85        61        93
20081003124 郭俊来    测控1      85        78        82        55        65
20081003125 丁延海    测控1      76        60        74        70        72
20081003126 赵婕      测控1      93        82        53        84        85
20081003127 董婧瑶    测控1      90        71        77        90        90
20081003128 孙佳      测控1      97        85        76        84        72
20081003129 任益文    测控1      96        79        67        56        98
20081003130 魏璐      测控1      78        62        78        65        85
20081003201 魏大力    测控2      91        93        72        53        62
20081003202 李巍      测控2      97        85        76        84        72
20081003203 董啸宇    测控2      89        93        64        99        60
20081003204 郭佳旺    测控2      78        62        78        65        85
20081003206 温泉      测控2      90        71        77        90        90
20081003207 郭飞      测控2      63        56        92        74        84
20081003208 林长森    测控2       7        61        63        54        94
20081003209 法超      测控2      79        70        76        89        56
20081003210 李兴强    测控2     100        76        96        66        51
20081003211 张广禹    测控2      86        82        51        94        75
20081003212 张佶      测控2      79        70        76        89        56
20081003213 关春辉    测控2      88        75        86        53        93
20081003214 许晓龙    测控2      70        75        89        52        97
20081003215 李志刚    测控2      71        64        80        52        74
20081003216 徐添羽    测控2      84        82        81        53        93
20081003217 朱彤      测控2      93        82        53        84        85
20081003218 陈启明    测控2      93        82        53        84        85
20081003219 梁德骕    测控2      87        71        95        67        98
20081003220 麻欣      测控2      83        53        85        61        93
20081003221 谷宇佳    测控2      82        90        80        89        65
20081003222 王洪峰    测控2      80        61        92        55        99
20081003223 孙剑      测控2      83        53        85        61        93
20081003224 聂庭栋    测控2      84        82        81        53        93
20081003225 米扬      测控2      82        90        80        89        65
20081003226 郭婷婷    测控2      96        79        67        56        98
20081003227 杨晗芳    测控2      90        71        77        90        90
20081003228 王佳韵    测控2      87        71        95        67        98
20081003229 陈聪      测控2      96        79        67        56        98
20081003230 马芸芸    测控2      88        75        86        53        93
20081005101 张江浩    应物       60        78        72        71        76
20081005102 郭志杰    应物       67        84        71        61        84
20081005103 李宁      应物       75        70        95        94        60
20081005104 马奎高    应物       72        90        60        93        66
20081005105 白延云    应物       86        82        51        94        75
20081005106 郭耀华    应物       94        73        84        99        78
20081005107 刘志斌    应物       91        93        72        53        62
20081005108 孟利园    应物       83        53        85        61        93
20081005109 芦明星    应物       96        79        67        56        98
20081005110 郑翔宇    应物       66        89        69        56        91
20081005111 方武章    应物       93        82        53        84        85
20081005112 赵金峰    应物       72        90        60        93        66
20081005113 卞奇      应物       87        71        95        67        98
20081005115 陈浩      应物       86        82        51        94        75
20081005116 韩盛      应物       54        72        68        89        98
20081005117 薛宇峰    应物       70        75        89        52        97
20081005118 厉一鸣    应物       99        64        81        56        67
20081005119 张钊      应物       98        92        65        80        51
20081005120 宫诏健    应物       93        82        53        84        85
20081005121 梁栋      应物       60        78        72        71        76
20081005122 刘建伟    应物       52        81        91        64        67
20081005123 张井文    应物       79        70        76        89        56
20081005124 崔峥      应物       71        64        80        52        74
20081005125 谢国强    应物       21        84        84        52        99
20081005126 姜海龙    应物       80        61        92        55        99
20081005127 张汉良    应物       60        78        72        71        76
20081005129 李超帅    应物       85        78        82        55        65
20081005130 方文杰    应物       72        90        60        93        66
20081005131 张宏彦    应物       34        54        87       100        94
20081005133 刘朝军    应物       83        53        85        61        93
20081005134 王碧      应物       86        82        51        94        75
20081005135 王毓爽    应物       60        78        72        71        76
20081005136 李倩雯    应物       89        93        64        99        60
20081005137 刘楠      应物       95        72        70        67       100
20081005138 吴晓红    应物       92        86        75        71        92
20081005139 董晓彤    应物       78        62        78        65        85
20091002101 刘鑫      电科1      90        71        77        90        90
20091002102 接兆君    电科1      60        78        72        71        76
20091002103 张倩      电科1      60        78        72        71        76
20091002104 赵宏      电科1      53        82        70        64        74
20091002105 曹海燕    电科1      72        90        60        93        66
20091002106 赵晓丽    电科1      70        75        89        52        97
20091002107 张美清    电科1      63        56        92        74        84
20091002108 郭启明    电科1      60        78        72        71        76
20091002109 何欣桐    电科1      77        56        75        60        91
20091002110 吴昊      电科1      68        69        89        94        79
20091002111 张启东    电科1      60        78        72        71        76
20091002112 亓军辉    电科1      63        56        92        74        84
20091002113 孙超      电科1      49        80        64        93        71
20091002114 张强      电科1      61        51        80        68        67
20091002115 白俊峰    电科1      42        60        70        93        80
20091002116 宋振      电科1      78        62        78        65        85
20091002117 满金鑫    电科1      70        75        89        52        97
20091002118 郭栋      电科1      60        78        72        71        76
20091002119 宋国梁    电科1      60        78        72        71        76
20091002120 杨洪超    电科1      52        81        91        64        67
20091002121 邓由之    电科1      83        53        85        61        93
20091002122 李彬      电科1      79        70        76        89        56
20091002123 罗锋      电科1      81       100        64        61        86
20091002124 刘葳      电科1      41        76        86        98        55
20091002125 罗哲雄    电科1      73        75        77       100        73
20091002126 姚卡      电科1      66        89        69        56        91
20091002127 刘琛      电科1      60        78        72        71        76
20091002128 强创      电科1      60        78        72        71        76
20091002129 魏凯凯    电科1      67        84        71        61        84
20091002201 宋云雷    电科2      60        78        72        71        76
20091002202 郝岩      电科2      60        78        72        71        76
20091002203 马涛      电科2      60        78        72        71        76
20091002204 刘宇      电科2      67        84        71        61        84
20091002205 张财谦    电科2      82        90        80        89        65
20091002206 李晓勇    电科2      66        89        69        56        91
20091002207 张志明    电科2      67        84        71        61        84
20091002208 张涛      电科2      53        82        70        64        74
20091002209 张晓原    电科2      50        52        88        53        92
20091002210 赵鹏飞    电科2      68        69        89        94        79
20091002211 王群      电科2      62        81        99        71        75
20091002212 陈伟      电科2      68        69        89        94        79
20091002213 何正全    电科2      64        75        55        85        72
20091002214 郭健      电科2      84        82        81        53        93
20091002215 郑伟      电科2      67        84        71        61        84
20091002216 王立辉    电科2      68        69        89        94        79
20091002217 张羽      电科2      67        84        71        61        84
20091002218 乔鑫      电科2      60        78        72        71        76
20091002219 张义勐    电科2      87        71        95        67        98
20091002220 王海东    电科2      69        69        90        75        84
20091002221 韩冬骏    电科2      66        89        69        56        91
20091002222 王鹏      电科2      68        69        89        94        79
20091002223 张子敬    电科2      62        81        99        71        75
20091002224 杨磊      电科2      47        63        72        51        78
20091002225 刘鑫      电科2      48        95        96        70        81
20091002226 李鹏      电科2      60        78        72        71        76
20091002227 程晓龙    电科2      52        81        91        64        67
20091002228 孙世卓    电科2      53        82        70        64        74
20091002229 杨瑒      电科2      51        70        60        52        96
20091002230 李东      电科2      42        60        70        93        80
20091002231 孙胜凡    电科2      44        61        66        80        82
20091002232 王国亮    电科2      51        70        60        52        96